,City,Cloudiness,Country,Date,Humidity,Lat,Lng,MaxTemp,Windspeed,Max Temp
0,dikson,84,84,1592759847,79,73.51,80.55,,10.83,41.29
1,lorengau,3,3,1592759847,76,-2.02,147.27,,2.1,80.42
2,namibe,0,0,1592759847,59,-15.2,12.15,,12.91,73.04
3,aykhal,40,40,1592759848,43,66,111.5,,6.71,69.8
4,deputatskiy,0,0,1592759848,43,69.3,139.9,,2.46,67.71
5,khatanga,48,48,1592759848,55,71.97,102.5,,13.15,65.28
6,kamenskoye,,,,,,,,,
7,hobart,90,90,1592759848,93,-42.88,147.33,,10.29,55.4
8,manadhoo,100,100,1592759848,77,5.77,73.38,,11.95,83.07
9,saint-pierre,40,40,1592759849,82,-21.34,55.48,,5.82,68.0
10,clarence town,18,18,1592759849,76,-32.58,151.78,,10.29,51.01
11,luderitz,0,0,1592759849,72,-26.65,15.16,,11.41,62.6
12,yangjiang,97,97,1592759849,90,21.85,111.97,,10.6,81.57
13,yashkul,77,77,1592759850,23,46.17,45.34,,7.31,86.92
14,punta arenas,75,75,1592759850,86,-53.15,-70.92,,12.75,39.2
15,rikitea,77,77,1592759850,70,-23.12,-134.97,,16.75,71.67
16,vaini,40,40,1592759850,100,-21.2,-175.2,,6.93,75.2
17,geraldton,90,90,1592759850,37,-28.77,114.6,,14.99,68.0
18,tumannyy,,,,,,,,,
19,seddon,,,,,,,,,
20,norman wells,90,90,1592759851,100,65.28,-126.83,,6.93,55.4
21,busselton,0,0,1592759851,53,-33.65,115.33,,16.13,55.99
22,maceio,20,20,1592759851,58,-9.67,-35.74,,14.99,82.4
23,belushya guba,,,,,,,,,
24,gamba,23,23,1592759851,83,-2.65,10,,7.87,75.02
25,yining,100,100,1592759852,91,29.04,114.56,,1.68,76.5
26,kurumkan,1,1,1592759852,54,54.3,110.3,,2.01,59.04
27,honningsvag,81,81,1592759831,81,70.98,25.97,,4.7,46.4
28,kutahya,75,75,1592759852,72,39.42,29.98,,3.36,66.2
29,mujiayingzi,61,61,1592759852,81,42.12,118.78,,0.47,68.31
30,bluff,59,59,1592759853,83,-46.6,168.33,,3,39.0
31,koygorodok,98,98,1592759853,69,60.45,51,,6.6,49.6
32,rio gallegos,97,97,1592759853,74,-51.62,-69.22,,9.17,37.4
33,damara,20,20,1592759853,66,4.96,18.7,,4.7,86.0
34,manzanillo,90,90,1592759853,58,20.34,-77.12,,2.3,88.95
35,loa janan,99,99,1592759853,97,-0.58,117.09,,1.63,74.34
36,hermanus,71,71,1592759854,88,-34.42,19.23,,1.01,59.0
37,oranjestad,40,40,1592759665,70,12.52,-70.03,,21.92,87.8
38,inderborskiy,,,,,,,,,
39,cidreira,0,0,1592759854,52,-30.18,-50.21,,14.56,78.44
40,aporawan,,,,,,,,,
41,sahrak,,,,,,,,,
42,skwierzyna,100,100,1592759855,91,52.6,15.51,,3,63.0
43,ondjiva,0,0,1592759855,22,-17.07,15.73,,3.36,77.0
44,broome,1,1,1592759855,54,42.25,-75.83,,8.05,84.0
45,tuatapere,40,40,1592759855,83,-46.13,167.68,,3,39.0
46,pisco,90,90,1592759856,82,-13.7,-76.22,,5.82,64.4
47,tilichiki,28,28,1592759856,76,60.47,166.1,,4.18,55.36
48,fairbanks,90,90,1592759856,93,64.84,-147.72,,10.29,54.0
49,krasnoyarsk-66,,,,,,,,,
50,nanortalik,99,99,1592759856,71,60.14,-45.24,,12.53,44.73
51,hilo,1,1,1592759857,68,19.73,-155.09,,8.05,72.0
52,thompson,90,90,1592759639,100,55.74,-97.86,,9.17,51.8
53,acarau,1,1,1592759857,61,-2.89,-40.12,,13.85,85.14
54,jumla,53,53,1592759703,66,29.27,82.18,,3.18,60.06
55,bethel,38,38,1592759857,57,41.37,-73.41,,3,84.99
56,medina,0,0,1592759840,7,24.47,39.61,,6.93,102.2
57,arraial do cabo,0,0,1592759858,69,-22.97,-42.03,,8.05,84.2
58,illoqqortoormiut,,,,,,,,,
59,port alfred,0,0,1592759858,77,-33.59,26.89,,7,63.0
60,tommot,80,80,1592759858,69,58.96,126.29,,2.46,55.92
61,san jose de guanipa,42,42,1592759858,50,8.89,-64.17,,14.36,88.9
62,tabou,85,85,1592759859,86,4.42,-7.35,,13.8,77.25
63,tiarei,40,40,1592759859,83,-17.53,-149.33,,24.52,75.2
64,codrington,17,17,1592759859,94,-38.27,141.97,,7.85,43.3
65,taolanaro,,,,,,,,,
66,saint-philippe,40,40,1592759859,82,-21.36,55.77,,5.82,68.0
67,butaritari,100,100,1592759859,76,3.07,172.79,,16.96,83.59
68,bambous virieux,40,40,1592759860,78,-20.34,57.76,,14.99,73.0
69,touros,40,40,1592759860,62,-5.2,-35.46,,13.87,84.2
70,ponta do sol,20,20,1592759860,64,32.67,-17.1,,12.75,73.4
71,atuona,11,11,1592759860,63,-9.8,-139.03,,9.91,79.99
72,kostomuksha,16,16,1592759860,43,64.57,30.58,,3.24,67.41
73,ushuaia,81,81,1592759860,80,-54.8,-68.3,,3.36,37.4
74,kavieng,31,31,1592759861,72,-2.57,150.8,,3.06,82.67
75,lompoc,15,15,1592759861,87,34.64,-120.46,,3.36,63.0
76,phangnga,20,20,1592759861,94,8.45,98.53,,2.24,78.8
77,aberdeen,40,40,1592759861,72,57.14,-2.1,,11.41,61.0
78,belaya gora,0,0,1592759861,37,68.53,146.42,,2.42,73.58
79,lavrentiya,0,0,1592759862,49,65.58,-171,,2.86,51.53
80,nizhneyansk,,,,,,,,,
81,yellowknife,20,20,1592759569,52,62.46,-114.35,,17.22,73.99
82,durant,90,90,1592759862,83,33.99,-96.37,,11.41,69.8
83,lasa,40,40,1592759862,62,46.62,10.7,,9.17,73.0
84,avarua,100,100,1592759563,68,-21.21,-159.78,,9.17,71.6
85,north bend,90,90,1592759863,87,43.41,-124.22,,11.41,62.01
86,hofn,75,75,1592759863,76,64.25,-15.21,,17.22,55.4
87,cananea,0,0,1592759863,16,30.95,-110.3,,3,86.0
88,attawapiskat,,,,,,,,,
89,chokurdakh,0,0,1592759863,42,70.63,147.92,,5.35,72.01
90,tanete,,,,,,,,,
91,castro verde,0,0,1592759864,25,37.7,-8.09,,12.75,89.6
92,tuktoyaktuk,90,90,1592759864,86,69.45,-133.04,,8.05,39.2
93,mount gambier,75,75,1592759864,100,-37.83,140.77,,10.29,44.6
94,batagay,2,2,1592759864,46,67.63,134.63,,4.41,68.99
95,dukstas,75,75,1592759864,81,55.53,26.33,,7.47,68.61
96,lashio,8,8,1592759864,98,22.93,97.75,,1.66,70.41
97,nantucket,75,75,1592759865,88,41.28,-70.1,,6.93,66.99
98,slave lake,90,90,1592759865,77,55.28,-114.77,,2.24,59.0
99,armacao dos buzios,,,,,,,,,
100,albany,1,1,1592759865,47,42.6,-73.97,,3.96,90.0
101,nikolskoye,,,,,,,,,
102,barentsburg,,,,,,,,,
103,jamestown,75,75,1592759696,51,42.1,-79.24,,8.05,80.6
104,rolla,1,1,1592759866,61,37.95,-91.77,,9.17,82.99
105,tunduru,,,,,,,,,
106,tasiilaq,100,100,1592759866,76,65.61,-37.64,,6.93,48.2
107,marevo,0,0,1592759866,67,57.31,32.08,,4.54,65.84
108,billings,75,75,1592759866,40,45.78,-108.5,,16.11,75.0
109,castro,0,0,1592759866,53,-24.79,-50.01,,10,73.24
110,saldanha,6,6,1592759867,93,-33.01,17.94,,8.05,57.2
111,turayf,34,34,1592759867,29,31.67,38.66,,9.17,87.8
112,barrow,90,90,1592759766,86,71.29,-156.79,,17.22,41.0
113,kapaa,1,1,1592759867,83,22.08,-159.32,,11.41,75.2
114,omboue,37,37,1592759868,82,-1.57,9.26,,11.16,75.33
115,la ronge,20,20,1592759868,54,55.1,-105.28,,8.05,59.0
116,upernavik,94,94,1592759868,73,72.79,-56.15,,6.06,41.0
117,prince rupert,90,90,1592759753,76,54.32,-130.32,,5.82,53.6
118,badaojiang,,,,,,,,,
119,mayo,1,1,1592759868,88,38.89,-76.51,,8.05,82.0
120,portalegre,0,0,1592759869,15,39.29,-7.43,,4.7,96.01
121,naze,90,90,1592759869,94,28.37,129.48,,8.05,75.2
122,bilibino,22,22,1592759869,44,68.05,166.44,,4.76,69.76
123,juneau,90,90,1592759866,81,58.3,-134.42,,3.36,53.01
124,palabuhanratu,,,,,,,,,
125,kununurra,0,0,1592759870,36,-15.77,128.73,,9.17,77.0
126,puerto ayora,75,75,1592759870,73,-0.74,-90.35,,17.22,75.2
127,cartaxo,0,0,1592759870,6,39.16,-8.79,,16.53,84.0
128,sobolevo,,,,,,,,,
129,hemsedal,100,100,1592759870,88,60.86,8.55,,4.79,55.99
130,lebu,60,60,1592759870,78,-37.62,-73.65,,7.02,52.07
131,aksu,0,0,1592759871,17,41.12,80.26,,5.06,77.81
132,georgetown,20,20,1592759871,94,5.41,100.34,,4.7,82.4
133,sovetskiy,100,100,1592759871,88,61.36,63.58,,7.47,46.85
134,alofi,74,74,1592759871,88,-19.06,-169.92,,10.29,75.2
135,abalak,27,27,1592759872,87,58.13,68.59,,6.2,44.2
136,hamilton,20,20,1592759704,45,39.18,-84.53,,8.46,89.01
137,manakara,80,80,1592759872,89,-22.13,48.02,,2.68,66.78
138,torbay,75,75,1592759872,54,47.67,-52.73,,11.41,60.01
139,port lincoln,27,27,1592759872,77,-34.73,135.87,,13.38,55.72
140,mataura,,,,,,,,,
141,hovd,9,9,1592759873,45,48.01,91.64,,14.88,48.0
142,freetown,97,97,1592759873,77,8.48,-13.23,,8.01,81.0
143,seoul,0,0,1592759714,94,37.57,126.98,,1.12,73.4
144,ribeira grande,40,40,1592759873,83,38.52,-28.7,,11.41,69.8
145,cabo san lucas,5,5,1592759874,27,22.89,-109.91,,9.17,91.4
146,hervey bay,,,,,,,,,
147,grand gaube,4,4,1592759874,73,-20.01,57.66,,8.99,73.0
148,bonfim,88,88,1592759874,73,3.08,-59.95,,6.31,83.41
149,sentyabrskiy,,,,,,,,,
150,buritis,6,6,1592759745,32,-15.62,-46.42,,6.62,82.83
151,hambantota,100,100,1592759807,76,6.12,81.12,,18.9,82.38
152,eureka,99,99,1592759875,96,40.8,-124.16,,5.99,62.01
153,samusu,,,,,,,,,
154,bud,40,40,1592759875,69,39.45,-86.18,,4.7,77.0
155,nhulunbuy,0,0,1592759875,74,-12.23,136.77,,12.06,75.51
156,samarinda,99,99,1592759876,97,-0.5,117.15,,1.14,74.23
157,valparaiso,100,100,1592759876,71,-33.04,-71.63,,2.24,57.2
158,peniche,0,0,1592759876,67,39.36,-9.38,,13,75.99
159,agadir,0,0,1592759876,48,30.42,-9.6,,12.75,82.4
160,vila velha,40,40,1592759876,58,-20.33,-40.29,,10.29,82.4
161,la rioja,0,0,1592759799,34,42.25,-2.5,,9.17,82.4
162,port elizabeth,0,0,1592759877,77,-33.92,25.57,,12.75,60.8
163,tiksi,58,58,1592759877,63,71.69,128.87,,8.86,49.95
164,bredasdorp,81,81,1592759877,93,-34.53,20.04,,2.82,59.0
165,college,90,90,1592759877,93,64.86,-147.8,,6.93,54.0
166,cherskiy,8,8,1592759877,42,68.75,161.3,,3.85,73.36
167,longyearbyen,75,75,1592759878,75,78.22,15.64,,5.82,41.0
168,burgeo,92,92,1592759878,66,47.62,-57.62,,10.16,51.85
169,airai,,,,,,,,,
170,shouguang,67,67,1592759878,65,36.88,118.74,,10.56,77.0
171,katsuura,100,100,1592759878,89,35.13,140.3,,3,71.01
172,pokhara,97,97,1592759879,76,28.23,83.98,,1.19,74.41
173,kodiak,90,90,1592759879,87,57.79,-152.41,,11.41,50.0
174,umm lajj,0,0,1592759879,58,25.02,37.27,,7.31,83.68
175,nampula,90,90,1592759879,77,-15.12,39.27,,12.75,71.01
176,lingao,,,,,,,,,
177,cape town,75,75,1592759880,93,-33.93,18.42,,4.7,59.0
178,victoria,95,95,1592759703,74,22.29,114.16,,11.99,86.0
179,yumen,94,94,1592759880,45,40.28,97.2,,5.95,63.63
180,saint george,1,1,1592759880,12,37.1,-113.58,,3.42,93.0
181,pinkafeld,100,100,1592759880,82,47.37,16.12,,5.99,63.0
182,bondoukou,66,66,1592759881,81,8.03,-2.8,,4.41,82.85
183,padang,80,80,1592759881,82,-0.95,100.35,,4.32,77.97
184,saskylakh,77,77,1592759881,61,71.92,114.08,,10.36,55.45
185,mae sai,20,20,1592759881,88,20.43,99.88,,4.7,80.6
186,amderma,,,,,,,,,
187,pemangkat,94,94,1592759881,77,1.17,108.97,,2.26,79.59
188,meadow lake,20,20,1592759882,10,34.8,-106.54,,5.82,84.99
189,stornoway,33,33,1592759882,72,58.21,-6.39,,16.11,59.0
190,zapolyarnyy,100,100,1592759882,44,69.42,30.81,,9.17,60.8
191,lata,0,0,1592759882,62,40.16,-8.33,,8.01,77.0
192,viedma,0,0,1592759882,37,-40.81,-63,,15.05,57.4
193,esperance,0,0,1592759883,81,-33.87,121.9,,13.87,44.6
194,svetlogorsk,74,74,1592759883,84,52.63,29.73,,8.28,71.55
195,gornopravdinsk,51,51,1592759883,89,60.05,69.9,,4.36,43.86
196,waddan,0,0,1592759883,14,29.16,16.14,,15.5,90.34
197,santa marta,40,40,1592759883,70,11.24,-74.2,,6.93,91.4
198,san bartolome de tirajana,20,20,1592759883,61,27.92,-15.57,,31.09,77.0
199,lagoa,0,0,1592759884,89,39.05,-27.98,,17.49,66.02
200,yerbogachen,57,57,1592759884,55,61.28,108.01,,3.85,65.25
201,tecoanapa,100,100,1592759884,55,16.52,-98.75,,5.26,88.3
202,adrar,49,49,1592759884,8,20.5,-10.07,,17.6,110.32
203,saleaula,,,,,,,,,
204,tucuman,90,90,1592759769,72,-26.82,-65.22,,6.93,68.0
205,richards bay,0,0,1592759885,67,-28.78,32.04,,0.69,62.4
206,dubenskiy,,,,,,,,,
207,manono,3,3,1592759885,34,-7.3,27.42,,4.85,76.75
208,ancud,90,90,1592759885,100,-41.87,-73.82,,9.17,48.0
209,lakhdenpokhya,0,0,1592759886,52,61.52,30.2,,3.15,63.0
210,hithadhoo,33,33,1592759878,70,-0.6,73.08,,5.17,84.18
211,pevek,49,49,1592759886,75,69.7,170.31,,0.63,42.49
212,yatou,0,0,1592759886,85,37.15,122.38,,3.71,65.32
213,kostenec,,,,,,,,,
214,straumen,94,94,1592759886,27,63.87,11.3,,19.46,86.0
215,nicoya,75,75,1592759887,62,10.15,-85.45,,4.7,89.6
216,porto torres,29,29,1592759887,57,40.84,8.4,,9.17,75.2
217,taungdwingyi,89,89,1592759887,83,20.02,95.55,,7.76,79.75
218,qaanaaq,56,56,1592759887,73,77.48,-69.36,,3.09,39.43
219,verdikoussa,40,40,1592759887,50,39.78,21.97,,9.17,75.2
220,necochea,16,16,1592759888,83,-38.55,-58.74,,8.99,55.99
221,jalu,,,,,,,,,
222,mys shmidta,,,,,,,,,
223,tawnat,,,,,,,,,
224,kruisfontein,0,0,1592759888,83,-34,24.73,,8.48,55.99
225,mrirt,,,,,,,,,
226,manicore,40,40,1592759888,59,-5.81,-61.3,,9.17,89.6
227,roald,75,75,1592759889,93,62.58,6.13,,9.17,62.01
228,provideniya,0,0,1592759889,51,64.38,-173.3,,2.93,54.07
229,nelson bay,7,7,1592759889,76,-32.72,152.15,,10.29,51.01
230,birjand,20,20,1592759889,8,32.87,59.22,,9.17,91.4
231,galesong,20,20,1592759889,94,-5.32,119.37,,2.24,75.2
232,nisia floresta,40,40,1592759889,62,-6.09,-35.21,,18.34,84.2
233,daoukro,61,61,1592759889,91,7.06,-3.96,,4.05,79.95
234,badulla,100,100,1592759736,74,6.99,81.06,,4.38,73.18
235,abeche,61,61,1592759890,19,13.83,20.83,,6.69,94.08
236,souillac,40,40,1592759890,78,-20.52,57.52,,14.99,71.6
237,naugarzan,,,,,,,,,
238,lere,45,45,1592759890,60,10.39,8.57,,3.74,82.9
239,uruzgan,0,0,1592759890,16,32.83,66,,1.59,75.31
240,dalby,14,14,1592759891,96,-27.18,151.27,,6.2,51.01
241,sur,18,18,1592759891,70,22.57,59.53,,13.47,86.85
242,marcona,,,,,,,,,
243,srednekolymsk,0,0,1592759891,40,67.45,153.68,,5.68,73.98
244,mersing,90,90,1592759891,94,2.43,103.84,,3.36,78.8
245,wisconsin rapids,75,75,1592759891,60,44.38,-89.82,,9.17,75.99
246,poya,0,0,1592759892,77,-21.35,165.15,,4.47,64.04
247,dunedin,1,1,1592759694,93,-45.87,170.5,,5.01,35.01
248,celestun,0,0,1592759892,56,20.87,-90.4,,3.13,88.05
249,zhigansk,100,100,1592759892,79,66.77,123.37,,8.72,62.76
250,leh,0,0,1592759892,34,34.17,77.58,,7.31,56.64
251,krylovskaya,100,100,1592759892,83,46.32,39.97,,4.32,69.84
252,byron bay,31,31,1592759893,93,-28.65,153.62,,6.93,55.4
253,tabas,0,0,1592759893,7,33.6,56.92,,9.17,102.2
254,one hundred mile house,,,,,,,,,
255,puerto baquerizo moreno,40,40,1592759893,78,-0.9,-89.6,,10.29,75.2
256,wajid,,,,,,,,,
257,belinskiy,83,83,1592759893,81,52.96,43.42,,11.12,61.07
258,port shepstone,3,3,1592759894,71,-30.74,30.45,,11.79,67.75
259,sola,99,99,1592759895,84,-13.88,167.55,,16.75,80.38
260,cockburn town,40,40,1592759895,70,21.46,-71.14,,9.17,84.2
261,mar del plata,13,13,1592759895,72,-38,-57.56,,11.41,59.0
262,port blair,100,100,1592759896,80,11.67,92.75,,10.69,83.19
263,constitucion,85,85,1592759896,77,-35.33,-72.42,,4.5,56.12
264,saint anthony,40,40,1592759896,51,45.02,-93.22,,11.41,82.99
265,ponta delgada,20,20,1592759896,73,37.73,-25.67,,9.17,69.8
266,ilulissat,40,40,1592759896,75,69.22,-51.1,,5.82,42.8
267,redmond,100,100,1592759853,86,47.67,-122.12,,2.24,63.0
268,sakakah,0,0,1592759897,17,29.97,40.21,,11.41,89.6
269,metu,83,83,1592759897,97,8.3,35.58,,2.13,59.49
270,port stanley,75,75,1592759897,87,-51.7,-57.85,,9.17,44.6
271,kahului,40,40,1592759897,73,20.89,-156.47,,12.75,75.2
272,kendari,55,55,1592759898,93,-3.94,122.5,,3.58,73.76
273,mount isa,0,0,1592759898,35,-20.73,139.5,,16.11,57.2
274,isangel,49,49,1592759898,80,-19.55,169.27,,13.62,70.79
275,kalmunai,100,100,1592759898,74,7.42,81.82,,4.09,84.06
276,suzu,,,,,,,,,
277,dongning,99,99,1592759899,92,44.06,131.12,,0.81,62.62
278,komyshuvakha,40,40,1592759899,94,47.72,35.53,,4.47,73.0
279,komsomolskiy,0,0,1592759899,22,40.43,71.72,,11.41,80.6
280,leningradskiy,20,20,1592759899,73,69.38,178.42,,6.04,44.69
281,parker,90,90,1592759899,88,32.77,-97.8,,5.82,71.6
282,luganville,97,97,1592759899,87,-15.53,167.17,,11.21,77.45
283,carnarvon,0,0,1592759900,93,-24.87,113.63,,10.29,59.0
284,cap malheureux,3,3,1592759900,73,-19.98,57.61,,8.99,73.0
285,adur,100,100,1592759900,95,9.17,76.73,,4.65,74.28
286,new norfolk,100,100,1592759900,93,-42.78,147.06,,1.01,54.0
287,harper,80,80,1592759900,86,4.38,-7.72,,14.67,77.52
288,atambua,32,32,1592759901,87,-9.11,124.89,,5.35,71.13
289,clyde river,1,1,1592759901,81,70.47,-68.59,,3.36,42.8
290,caohai,,,,,,,,,
291,ajaccio,68,68,1592759901,69,42,8.92,,10.29,75.2
292,nikolayevsk-na-amure,96,96,1592759901,89,53.14,140.73,,2.55,43.18
293,zlitan,0,0,1592759901,56,32.47,14.57,,19.84,75.09
294,lucapa,0,0,1592759902,20,-8.42,20.74,,4.9,73.26
295,alyangula,0,0,1592759902,93,-13.85,136.42,,11.59,62.6
296,san rafael del sur,75,75,1592759902,70,11.85,-86.44,,13.87,86.0
297,auki,83,83,1592759902,81,-8.77,160.7,,4.07,78.04
298,kaduna,39,39,1592759902,53,10.52,7.44,,6.17,85.8
299,canmore,1,1,1592759774,40,51.08,-115.35,,8.05,68.0
300,bahia blanca,0,0,1592759902,38,-38.72,-62.27,,10.07,56.46
301,arroyo,0,0,1592759903,20,41.61,-4.8,,6.93,84.99
302,san policarpo,14,14,1592759903,82,12.18,125.51,,8.39,82.4
303,pombas,20,20,1592759903,61,17.15,-25.02,,27.51,82.4
304,port-cartier,90,90,1592759903,81,50.03,-66.87,,11.41,55.0
305,ahipara,10,10,1592759903,82,-35.17,173.17,,10.36,56.3
306,chuy,96,96,1592759904,94,-33.7,-53.46,,5.41,61.27
307,east london,0,0,1592759892,62,-33.02,27.91,,17.43,66.76
308,labuhan,94,94,1592759904,87,-6.88,112.21,,6.69,77.77
309,tsihombe,,,,,,,,,
310,kenai,20,20,1592759904,71,60.55,-151.26,,3.4,55.0
311,hunchun,100,100,1592759904,94,42.87,130.36,,2.06,62.33
312,santa cruz,75,75,1592759904,70,-17.8,-63.17,,23.04,84.2
313,maputo,0,0,1592759905,82,-25.97,32.59,,3.36,69.01
314,columbus,40,40,1592759701,43,39.96,-83,,10.29,90.0
315,soeng sang,3,3,1592759905,86,14.43,102.46,,3.58,77.49
316,dongying,79,79,1592759905,57,37.46,118.49,,11.79,75.31
317,quang ngai,19,19,1592759905,82,15.12,108.8,,5.19,79.29
318,bani,40,40,1592759905,55,18.28,-70.33,,11.41,91.4
319,perth,0,0,1592759650,37,-31.93,115.83,,9.17,66.2
320,itajuba,40,40,1592759906,32,-22.43,-45.45,,4.7,84.2
321,meyungs,,,,,,,,,
322,ampere,0,0,1592759906,55,-25.91,-53.47,,6.51,77.7
323,jiuquan,100,100,1592759906,47,39.74,98.52,,2.59,64.13
324,bandar-e lengeh,0,0,1592759907,70,26.56,54.88,,11.41,91.4
325,tera,22,22,1592759907,15,14.01,0.75,,5.93,105.28
326,fortuna,90,90,1592759907,100,40.6,-124.16,,6.93,61.0
327,karakol,0,0,1592759907,35,42.49,78.39,,4.03,56.3
328,medvedok,100,100,1592759907,63,57.39,50.04,,4.41,51.06
329,muros,69,69,1592759907,93,42.78,-9.06,,3,66.99
330,melfi,47,47,1592759908,38,41,15.65,,14.99,77.0
331,kichera,11,11,1592759908,51,55.94,110.1,,6.17,60.64
332,tadine,0,0,1592759908,68,-21.55,167.88,,6.24,65.95
333,hasaki,75,75,1592759908,100,35.73,140.83,,6.93,66.2
334,quatre cocos,40,40,1592759908,78,-20.21,57.76,,14.99,73.0
335,kieta,55,55,1592759908,78,-6.22,155.63,,3.65,78.55
336,flin flon,20,20,1592759909,59,54.77,-101.86,,11.41,62.6
337,sao filipe,1,1,1592759909,78,14.9,-24.5,,14.74,77.0
338,tura,77,77,1592759909,96,25.52,90.22,,7.52,75.94
339,taoudenni,50,50,1592759909,6,22.68,-3.98,,16.98,116.6
340,leshan,100,100,1592759909,82,29.56,103.76,,2.48,75.67
341,beloha,100,100,1592759909,73,-25.17,45.05,,4.36,69.55
342,solnechnyy,100,100,1592759910,92,50.72,136.63,,4.83,48.49
343,jacareacanga,20,20,1592759910,42,-6.22,-57.75,,4.7,92.25
344,kastamonu,4,4,1592759910,80,41.5,33.67,,2.08,61.43
345,barra do garcas,0,0,1592759910,39,-15.89,-52.26,,6.44,87.46
346,niquelandia,85,85,1592759910,30,-14.47,-48.46,,7.29,86.14
347,eenhana,0,0,1592759910,28,-17.47,16.33,,2.24,68.0
348,vicosa,15,15,1592759911,69,-20.75,-42.88,,10.6,72.25
349,alice springs,0,0,1592759850,55,-23.7,133.88,,4.7,39.2
350,baie-saint-paul,33,33,1592759896,53,47.44,-70.5,,5.88,79.63
351,chester,40,40,1592759764,69,40.13,-75.87,,4.7,81.0
352,ukrayinka,40,40,1592759911,94,47.92,35.35,,4.47,73.0
353,grand baie,3,3,1592759911,73,-20.02,57.58,,8.99,73.0
354,dinguiraye,6,6,1592759912,41,11.3,-10.72,,5.75,93.13
355,zaranj,0,0,1592759912,21,30.97,61.88,,6.93,91.4
356,nouadhibou,0,0,1592759912,54,20.93,-17.03,,18.34,80.6
357,erenhot,100,100,1592759912,38,43.65,111.98,,3.29,78.91
358,chernyshevskiy,46,46,1592759912,64,63.01,112.47,,2.19,60.51
359,monte cristi,,,,,,,,,
360,sangar,18,18,1592759913,77,63.92,127.47,,4.97,57.99
361,kolokani,66,66,1592759913,18,13.57,-8.03,,9.64,102.7
362,buchanan,75,75,1592759913,79,5.88,-10.05,,9.17,86.0
363,ichhawar,100,100,1592759913,89,23.02,77.02,,8.61,74.88
364,digby,2,2,1592759913,67,44.62,-65.77,,4.59,70.11
365,vaovai,,,,,,,,,
366,charters towers,0,0,1592759914,73,-20.1,146.27,,2.91,58.86
367,puerto penasco,0,0,1592759914,47,31.32,-113.53,,4,84.99
368,bermeo,20,20,1592759914,57,43.42,-2.72,,9.17,75.2
369,igarka,88,88,1592759914,57,67.47,86.58,,14.27,54.12
370,minab,0,0,1592759914,67,27.15,57.08,,11.41,93.2
371,limbang,75,75,1592759914,94,4.75,115,,3.36,78.8
372,floro,75,75,1592759915,93,61.6,5.03,,5.64,59.0
373,mahebourg,40,40,1592759915,78,-20.41,57.7,,14.99,71.6
374,salalah,75,75,1592759915,89,17.02,54.09,,10.29,84.2
375,rocha,88,88,1592759915,88,-34.48,-54.33,,5.75,61.43
376,san cristobal,40,40,1592759915,43,7.77,-72.22,,10.29,91.4
377,mangai,0,0,1592759915,38,-4.05,19.53,,1.07,78.33
378,inhambane,0,0,1592759916,88,-23.86,35.38,,2.24,68.0
379,pangnirtung,40,40,1592759916,66,66.15,-65.71,,10.29,48.2
380,angoram,46,46,1592759916,97,-4.06,144.07,,1.43,73.6
381,matangad,29,29,1592759916,90,8.58,124.37,,5.99,77.0
382,paamiut,21,21,1592759916,83,61.99,-49.67,,12.86,41.54
383,trelew,0,0,1592759916,39,-43.25,-65.31,,20.76,55.44
384,pachino,0,0,1592759917,69,36.72,15.09,,5.01,73.99
385,sao gabriel da cachoeira,75,75,1592759917,70,-0.13,-67.09,,6.93,86.0
386,kavaratti,100,100,1592759917,77,10.57,72.64,,15.01,83.21
387,porto novo,40,40,1592759917,94,6.5,2.6,,10.29,80.6
388,thaba-tseka,0,0,1592759917,65,-29.52,28.61,,2.57,38.8
389,carlagan,100,100,1592759918,73,14.97,122.05,,1.99,82.36
390,barcelos,20,20,1592759918,73,41.54,-8.62,,12.75,73.99
391,dauphin,90,90,1592759918,67,51.15,-100.05,,11.41,57.2
392,nemuro,75,75,1592759918,89,43.32,145.57,,4.61,49.42
393,griffith,1,1,1592759918,65,41.53,-87.42,,5.28,82.99
394,bengkulu,89,89,1592759918,90,-3.8,102.27,,5.7,76.96
395,los llanos de aridane,40,40,1592759919,69,28.66,-17.92,,10.29,75.2
396,kachug,41,41,1592759919,64,53.96,105.88,,2.13,55.6
397,la asuncion,12,12,1592759919,79,11.03,-63.86,,14.99,86.0
398,samarai,11,11,1592759919,86,-10.62,150.67,,9.86,79.02
399,ketchikan,90,90,1592759919,62,55.34,-131.65,,8.05,53.6
400,pimenta bueno,1,1,1592759920,44,-11.67,-61.19,,5.57,88.83
401,grand river south east,,,,,,,,,
402,faanui,97,97,1592759920,82,-16.48,-151.75,,24.76,78.04
403,trelleborg,75,75,1592759920,93,55.38,13.16,,9.17,64.0
404,warqla,,,,,,,,,
405,la libertad,79,79,1592759920,78,-2.23,-80.9,,9.66,74.03
406,xichang,100,100,1592759920,73,27.9,102.26,,2.82,73.0
407,ahuimanu,75,75,1592759921,65,21.44,-157.84,,8.05,78.8
408,tome-acu,,,,,,,,,
409,khonuu,,,,,,,,,
410,tymovskoye,86,86,1592759921,92,50.85,142.66,,4.76,42.69
411,chapais,40,40,1592759921,35,49.78,-74.85,,9.17,87.8
412,karratha,0,0,1592759921,35,-20.74,116.85,,10.51,68.67
413,the pas,90,90,1592759922,72,53.83,-101.25,,9.17,59.0
414,sao joao da barra,0,0,1592759922,51,-21.64,-41.05,,4.7,86.0
415,boa vista,90,90,1592759704,83,2.82,-60.67,,3.36,77.0
416,lancaster,75,75,1592759922,65,40.25,-76.25,,4.7,82.99
417,huarmey,57,57,1592759922,64,-10.07,-78.15,,9.4,69.57
418,paita,29,29,1592759923,67,-5.09,-81.11,,12.06,71.49
419,cartagena,75,75,1592759758,84,10.4,-75.51,,3.36,86.0
420,fare,85,85,1592759923,81,-16.7,-151.02,,24.85,78.13
421,freire,75,75,1592759923,87,-38.95,-72.63,,4.7,52.0
422,ola,0,0,1592759923,88,59.58,151.28,,1.97,46.65
423,burns lake,1,1,1592759923,44,54.23,-125.75,,8.95,57.27
424,florence,75,75,1592759923,36,43.77,11.25,,11.41,84.0
425,broken hill,90,90,1592759924,81,-31.95,141.43,,10.29,46.4
426,bathsheba,20,20,1592759924,66,13.22,-59.52,,23.04,87.8
427,havre-saint-pierre,90,90,1592759924,87,50.23,-63.6,,9.17,55.4
428,contamana,37,37,1592759924,55,-7.33,-75.02,,4.14,88.59
429,yarada,75,75,1592759924,79,17.65,83.27,,9.17,84.2
430,taltal,4,4,1592759924,53,-25.4,-70.48,,5.44,67.08
431,gornouralskiy,,,,,,,,,
432,oblesevo,75,75,1592759925,56,41.88,22.33,,13.87,69.8
433,beyneu,100,100,1592759925,12,45.32,55.2,,16.73,88.47
434,tabiauea,,,,,,,,,
435,caninde de sao francisco,50,50,1592759925,56,-9.66,-37.79,,13.69,82.29
436,biak,,,,,,,,,
437,tagusao,16,16,1592759925,77,9.19,117.81,,4.27,82.33
438,nishihara,75,75,1592759926,88,26.18,127.76,,10.29,82.4
439,sandpoint,90,90,1592759926,72,48.28,-116.55,,8.05,64.4
440,el alto,39,39,1592759926,70,-4.27,-81.21,,12.62,72.55
441,passo de camaragibe,,,,,,,,,
442,port-de-bouc,7,7,1592759926,30,43.4,4.98,,25.28,84.2
443,ust-ishim,31,31,1592759926,73,57.69,71.17,,4.59,47.66
444,vaitupu,,,,,,,,,
445,palana,9,9,1592759927,81,59.12,159.97,,5.03,45.88
446,aklavik,90,90,1592759927,87,68.22,-135.01,,6.93,44.6
447,tocopilla,11,11,1592759927,49,-22.09,-70.2,,5.57,67.68
448,rio claro,0,0,1592759826,37,-22.41,-47.56,,11.41,82.4
449,vardo,20,20,1592759927,87,70.37,31.11,,18.34,44.6
450,marabba,52,52,1592759928,33,12.35,32.18,,15.12,93.0
451,kudahuvadhoo,26,26,1592759928,74,2.67,72.89,,11.45,84.04
452,ambulu,,,,,,,,,
453,panaba,1,1,1592759928,65,21.28,-88.27,,8.08,88.11
454,ostrovnoy,98,98,1592759928,54,68.05,39.51,,9.17,58.21
455,meulaboh,100,100,1592759928,92,4.14,96.13,,6.17,76.73
456,kalangala,7,7,1592759929,60,-0.31,32.23,,7.81,74.28
457,thai binh,74,74,1592759929,89,20.45,106.33,,6.93,86.0
458,bairiki,85,85,1592759929,83,1.33,172.98,,5.82,82.4
459,tezu,87,87,1592759929,84,27.92,96.17,,3.29,77.52
460,ulcinj,40,40,1592759929,39,41.93,19.22,,9.17,78.8
461,jahrom,,,,,,,,,
462,shangrao,100,100,1592759930,93,28.45,117.97,,2.3,76.33
463,laguna,1,1,1592759930,56,38.42,-121.42,,4.65,80.01
464,ambilobe,66,66,1592759930,76,-13.2,49.05,,4.74,76.51
465,lampa,75,75,1592759930,87,-33.28,-70.9,,3.36,61.0
466,kaitangata,,,,,,,,,
467,severo-kurilsk,98,98,1592759931,80,50.68,156.12,,8.03,43.56
468,lolua,,,,,,,,,
469,senador jose porfirio,66,66,1592759931,56,-2.59,-51.95,,4.72,87.96
470,tongchuan,96,96,1592759931,74,35.08,109.09,,6.31,68.97
471,malwan,,,,,,,,,
472,chatellerault,90,90,1592759931,82,46.8,0.53,,14.99,68.0
473,ust-bolsheretsk,,,,,,,,,
474,caravelas,13,13,1592759932,55,-17.71,-39.25,,7.34,78.84
475,lazaro cardenas,75,75,1592759932,50,17.96,-102.2,,2.04,91.87
476,atbasar,1,1,1592759932,36,51.8,68.33,,10.89,66.11
477,tanga,63,63,1592759932,79,-5.07,39.1,,12.28,75.38
478,yar-sale,95,95,1592759932,78,66.83,70.83,,10.76,49.26
479,creel,0,0,1592759933,25,27.75,-107.63,,5.06,76.01
480,makokou,77,77,1592759933,93,0.57,12.86,,2.55,73.49
481,karpathos,20,20,1592759933,73,35.51,27.21,,12.75,77.0
482,udachnyy,40,40,1592759934,43,66.42,112.4,,6.71,69.8
483,mackay,75,75,1592759934,100,-21.15,149.2,,5.82,64.4
484,zdvinsk,97,97,1592759934,60,54.7,78.66,,16.82,57.33
485,san carlos de bariloche,40,40,1592759934,82,-41.15,-71.31,,13.87,42.8
486,iturama,0,0,1592759934,38,-19.73,-50.2,,8.01,84.04
487,basco,100,100,1592759934,76,20.45,121.97,,12.12,85.12
488,gimli,92,92,1592759762,80,50.63,-96.99,,5.99,60.01
489,baoqing,98,98,1592759935,96,46.33,132.21,,2.75,59.05
490,hay river,40,40,1592759935,38,60.82,-115.8,,12.75,77.0
491,san rafael,21,21,1592759935,42,-34.62,-68.33,,10.8,53.02
492,baykit,50,50,1592759935,71,61.67,96.37,,3.91,59.85
493,inverell,1,1,1592759732,95,-29.78,151.12,,2.13,39.99
494,namatanai,33,33,1592759936,78,-3.67,152.43,,3.49,80.49
495,amapa,78,78,1592759936,86,1,-52,,3.83,81.23
496,hunza,,,,,,,,,
497,tashtyp,100,100,1592759936,92,52.79,89.9,,3.51,44.92
498,ludvika,5,5,1592759936,44,60.15,15.19,,3,75.99
499,waingapu,98,98,1592759937,83,-9.66,120.26,,10.58,75.49
500,saint-francois,90,90,1592759937,53,46.42,3.91,,12.75,71.6
501,talnakh,63,63,1592759937,62,69.49,88.4,,6.71,51.8
502,mongo,81,81,1592759937,35,12.18,18.69,,9.71,93.27
503,krasnoselkup,100,100,1592759937,78,65.7,82.47,,17.11,51.44
504,west bay,20,20,1592759937,70,19.37,-81.42,,11.41,87.8
505,iwanai,96,96,1592759938,79,42.97,140.51,,6.31,55.94
506,sao jose da coroa grande,0,0,1592759938,68,-8.9,-35.15,,12.95,79.72
507,nyagan,94,94,1592759938,93,62.14,65.39,,10.38,46.56
508,iralaya,75,75,1592759938,74,15,-83.23,,5.82,87.8
509,doka,35,35,1592759938,46,13.52,35.77,,7.54,88.5
510,thaba nchu,0,0,1592759938,48,-29.21,26.84,,2.24,42.8
511,horsham,20,20,1592759939,60,51.06,-0.33,,13.87,69.01
512,mumford,100,100,1592759883,88,5.26,-0.76,,12.5,77.34
513,reconquista,99,99,1592759939,61,-29.15,-59.65,,3.71,78.04
514,novochernorechenskiy,7,7,1592759939,79,56.27,91.08,,3.18,47.08
515,margate,33,33,1592759674,65,51.38,1.39,,5.99,70.0
516,samalaeulu,,,,,,,,,
517,sambava,88,88,1592759940,89,-14.27,50.17,,16.04,74.17
518,scottsbluff,1,1,1592759941,39,41.87,-103.67,,10.29,78.8
519,xining,100,100,1592759941,81,36.62,101.77,,1.97,52.93
520,beringovskiy,41,41,1592759941,54,63.05,179.32,,3.58,47.43
521,pierre,75,75,1592759702,77,44.37,-100.35,,4.7,66.2
522,zaraza,1,1,1592759942,55,9.35,-65.32,,7.54,89.87
523,hearst,100,100,1592759942,62,49.68,-83.67,,6.78,70.81
524,praia da vitoria,40,40,1592759942,69,38.73,-27.07,,10.78,73.4
525,haines junction,97,97,1592759942,58,60.75,-137.51,,6.6,48.63
526,troitskoye,72,72,1592759942,80,52.98,84.68,,1.86,47.46
527,emerald,90,90,1592759943,67,-23.53,148.17,,5.82,60.8
528,aswan,0,0,1592759943,10,24.09,32.91,,14.83,99.41
529,half moon bay,90,90,1592759943,93,37.46,-122.43,,9.17,68.0
530,pozo colorado,,,,,,,,,
531,isabela,100,100,1592759943,81,6.71,121.97,,2.68,79.65
532,kiunga,58,58,1592759944,98,-6.12,141.29,,1.3,72.19
533,coihaique,40,40,1592759944,66,-45.58,-72.07,,5.82,48.2
534,kaabong,34,34,1592759944,83,3.48,34.15,,3.31,64.65
535,el sauzal,29,29,1592759944,86,31.9,-116.68,,3,66.99
536,darhan,59,59,1592759944,71,49.49,105.92,,6.04,57.83
537,teguldet,100,100,1592759944,75,57.31,88.17,,2.66,49.1
538,brigantine,20,20,1592759945,58,39.41,-74.36,,3.36,84.99
539,serebryansk,0,0,1592759945,81,49.69,83.29,,6.71,46.4
540,marrakesh,20,20,1592759945,21,31.63,-8.01,,5.82,100.4
541,port hardy,75,75,1592759945,71,50.7,-127.42,,3.36,57.2
542,maniitsoq,0,0,1592759945,60,65.42,-52.9,,8.99,48.16
543,vannes,20,20,1592759945,63,47.83,-2.5,,9.17,70.0
544,najran,100,100,1592759946,13,17.49,44.13,,4.7,89.6
545,selma,1,1,1592759946,47,36.57,-119.61,,3.96,82.99
546,havelock,5,5,1592759684,54,34.88,-76.9,,3.36,84.2
547,manzhouli,99,99,1592759946,64,49.6,117.43,,6.46,58.35
548,sinnamary,22,22,1592759946,64,5.38,-52.95,,11.61,84.76
549,mezen,16,16,1592759946,69,65.85,44.24,,4.9,46.47
550,tomatlan,95,95,1592759947,48,19.93,-105.25,,4.18,91.27
551,rock sound,92,92,1592759947,77,24.9,-76.2,,8.68,82.09
552,wagar,34,34,1592759947,14,16.15,36.2,,7.52,100.85
553,fort nelson,90,90,1592759947,77,58.81,-122.7,,5.82,62.6
554,islampur,7,7,1592759947,77,26.27,88.2,,9.33,83.59
555,conde,40,40,1592759683,66,-7.26,-34.91,,17.22,84.2
556,moustheni,40,40,1592759948,60,40.87,24.12,,2.24,73.4
557,okhotsk,100,100,1592759948,90,59.38,143.3,,2.46,44.94
558,tsumeb,0,0,1592759948,31,-19.23,17.72,,8.39,60.66
559,tuggurt,,,,,,,,,
560,dubbo,90,90,1592759948,93,-32.25,148.62,,11.41,46.4
561,khorinsk,76,76,1592759949,56,52.17,109.77,,4.12,58.51
562,wajima,40,40,1592759949,76,37.4,136.9,,8.34,67.05
563,itinga,7,7,1592759949,33,-16.61,-41.77,,6.31,81.75
564,talah,,,,,,,,,
565,alvorada,32,32,1592759949,35,-12.48,-49.12,,8.9,90.23
566,burkhala,,,,,,,,,
567,chiredzi,0,0,1592759950,38,-21.05,31.67,,1.81,64.04
568,brae,100,100,1592759950,93,60.4,-1.35,,20.8,55.4
569,akureyri,40,40,1592759950,52,65.68,-18.09,,24.16,64.4
570,berlevag,75,75,1592759950,93,70.86,29.09,,5.82,44.6
571,sitka,75,75,1592759947,76,57.05,-135.33,,3.53,51.8
572,gucheng,72,72,1592759950,65,35.91,111.32,,3.74,74.62
573,bafata,27,27,1592759951,38,12.17,-14.75,,3.02,97.83
574,urucui,9,9,1592759951,36,-7.23,-44.56,,12.17,88.66
575,araouane,0,0,1592759951,5,18.9,-3.53,,13.53,113.43
576,ondorhaan,,,,,,,,,
577,villa bruzual,47,47,1592759951,77,9.33,-69.12,,3.36,83.52
578,asau,88,88,1592759951,93,46.43,26.4,,1.45,63.0
579,guerrero negro,14,14,1592759793,61,27.98,-114.06,,15.08,68.67
580,hamada,57,57,1592759952,37,34.88,132.08,,1.99,66.99
581,kamaishi,70,70,1592759952,85,39.27,141.88,,2.46,62.38
582,pafos,20,20,1592759952,57,34.77,32.42,,10.29,77.0
583,kulhudhuffushi,100,100,1592759952,75,6.62,73.07,,12.75,83.17
584,ambon,12,12,1592759953,13,-3.7,128.18,,14.05,81.0
585,yantal,25,25,1592759953,69,56.85,105.25,,2.8,58.35
586,buala,83,83,1592759953,79,-8.14,159.59,,4.94,80.26
587,thurso,82,82,1592759953,77,58.59,-3.53,,6.93,59.0
588,bereda,,,,,,,,,
589,taikang,49,49,1592759953,79,46.83,124.42,,4.34,63.03
590,dudinka,96,96,1592759954,62,69.41,86.18,,6.71,51.8
591,caibarien,40,40,1592759954,55,22.52,-79.47,,2.24,91.4
592,abonnema,,,,,,,,,
593,manyana,0,0,1592759954,43,-23.4,21.72,,3.69,54.73
594,vanavara,51,51,1592759954,64,60.34,102.28,,3.96,64.54
595,sikonge,13,13,1592759954,44,-5.63,32.77,,4.5,71.19
596,zonguldak,43,43,1592759955,79,41.25,31.83,,1.12,65.48
597,kollumerland,,,,,,,,,
598,nosy varika,99,99,1592759955,85,-20.58,48.53,,1.86,69.06
599,imbituva,0,0,1592759955,44,-25.23,-50.6,,6.42,75.88
600,tuy hoa,24,24,1592759955,87,13.08,109.3,,6.22,79.34
601,mendoza,99,99,1592759774,34,-32.89,-68.83,,2.24,53.6
602,kloulklubed,75,75,1592759956,83,7.04,134.26,,5.82,80.6
603,dzhusaly,,,,,,,,,
604,pedasi,100,100,1592759956,73,7.53,-80.03,,5.93,83.34
605,banos,75,75,1592759956,76,-1.4,-78.42,,16.11,55.4
606,kizema,9,9,1592759956,63,61.11,44.83,,3.31,51.57
607,okha,100,100,1592759957,96,53.57,142.95,,8.55,39.52
608,longonjo,0,0,1592759957,28,-12.91,15.25,,3.2,64.81
609,mitzic,51,51,1592759957,90,0.78,11.55,,2.93,73.44
610,gat,0,0,1592759957,48,31.61,34.76,,4.72,84.99
611,san quintin,98,98,1592759957,73,30.48,-115.95,,12.44,66.58
612,hami,31,31,1592759957,20,42.8,93.45,,14.03,74.64
613,formosa,20,20,1592759958,49,-26.18,-58.18,,13.87,89.6
614,kargil,73,73,1592759958,47,34.57,76.1,,5.14,53.82
615,glasgow,75,75,1592759958,72,55.87,-4.26,,12.75,61.0
616,petropavlovskaya,100,100,1592759958,88,45.08,40.45,,1.23,67.57
617,oktyabrskoye,20,20,1592759958,73,43.06,44.74,,8.95,73.4
618,wenling,100,100,1592759958,100,28.37,121.36,,4.14,75.99
619,natal,40,40,1592759959,62,-5.79,-35.21,,18.34,84.2
620,buluang,59,59,1592759959,86,13.31,123.34,,3.29,79.0
621,portland,90,90,1592759681,72,45.52,-122.68,,2.33,66.0
622,grindavik,75,75,1592759959,48,63.84,-22.43,,28.86,66.2
623,marietta,75,75,1592759668,51,33.95,-84.55,,4.7,91.99
